100 13
50 86 89 51 57 98 99 69 60 94 52 87 69 79 70 93 94 90 53 60 60 55 61 52 71 67 64 53 86 84 86 55 59 81 64 50 64 52 93 82 83 60 69 99 88 96 84 70 82 55 61 94 96 82 72 60 74 56 58 85 70 81 52 63 60 75 74 80 58 51 95 70 76 75 54 61 97 64 58 61 80 81 53 91 69 64 95 84 86 65 67 93 95 85 60 82 85 79 66 88
73 77 62 79 85 86 93 69 82 79 51 99 70 99 50 52 85 98 79 62 74 79 79 87 65 54 62 77 63 64 86 79 84 90 71 59 79 78 97 81 54 73 72 85 97 77 97 62 81 92 89 76 68 96 63 52 84 97 88 99 80 59 62 90 99 78 54 68 72 98 78 97 84 74 71 87 82 95 55 51 90 88 51 60 83 89 62 58 93 53 60 59 58 77 68 91 50 77 68 71
83 76 75 80 90 58 60 66 59 76 85 62 94 67 80 70 77 98 78 66 55 86 97 84 50 84 99 62 62 82 93 70 77 56 66 67 93 96 63 82 70 90 63 87 72 86 82 79 88 85 60 88 93 56 65 88 53 95 83 82 55 70 64 86 99 99 99 90 77 51 79 93 64 78 75 63 84 58 56 61 73 87 63 61 66 52 56 86 60 91 61 84 81 98 69 71 76 89 78 55
76 61 79 68 50 93 65 70 80 75 81 99 66 57 75 91 70 62 58 95 90 56 80 67 94 96 78 52 66 57 60 51 71 64 81 78 84 52 63 85 99 51 95 56 77 64 87 57 75 72 89 53 52 96 98 71 61 73 51 95 86 57 65 74 72 93 63 83 65 96 77 78 60 72 87 88 61 54 93 56 53 57 57 98 68 76 88 70 89 70 96 65 83 81 94 98 71 84 93 90
57 56 88 73 78 61 93 63 59 95 82 55 74 54 96 99 50 83 51 55 76 95 67 60 66 66 77 80 99 55 50 83 64 88 53 90 86 79 82 55 84 64 64 93 80 75 67 51 81 58 80 81 93 51 86 62 55 82 87 68 51 86 98 92 83 66 74 59 56 70 59 96 55 79 79 95 89 59 75 77 92 52 70 89 83 59 69 67 90 99 71 57 95 51 79 70 91 97 59 85
64 70 97 67 89 79 62 91 61 76 53 51 83 51 97 81 68 77 99 92 97 65 59 95 89 90 83 97 60 51 51 94 67 83 61 87 91 99 93 61 71 95 86 65 64 54 80 92 63 54 62 62 66 99 58 63 66 74 85 94 86 77 95 73 93 56 68 73 57 68 88 88 77 79 77 64 66 84 83 91 94 79 55 58 75 66 76 80 73 81 92 99 63 59 88 51 68 96 95 97
76 58 53 74 88 98 80 60 73 61 74 98 88 93 80 96 85 56 94 88 64 91 92 90 77 62 77 72 82 74 88 98 97 55 67 88 97 71 57 83 68 84 61 61 82 57 58 75 84 86 84 81 81 99 54 66 82 52 73 67 83 56 97 75 79 75 51 93 77 60 75 97 83 91 77 66 67 67 70 73 62 78 80 64 56 66 65 60 54 71 80 93 90 51 75 74 98 92 69 98
86 50 75 60 83 85 91 52 67 85 58 67 73 52 96 63 93 84 56 61 75 88 95 56 53 70 69 51 58 78 77 59 96 60 85 99 85 71 94 83 82 90 53 71 74 57 51 98 67 89 62 58 63 60 95 97 99 97 72 54 98 95 76 86 90 77 63 85 71 98 84 88 96 58 94 68 85 92 74 78 77 58 99 58 64 73 67 97 74 89 82 68 63 98 93 56 66 92 97 77
90 95 86 89 52 99 74 71 99 55 56 86 70 94 76 67 80 67 62 66 55 73 81 66 84 57 61 74 55 62 90 62 52 67 84 60 77 84 98 68 59 79 91 95 57 52 95 89 80 53 96 97 80 81 90 60 96 64 82 59 90 87 86 92 97 68 62 73 98 92 92 61 83 88 64 92 71 50 71 51 68 70 52 91 80 99 88 70 59 85 97 74 60 56 50 72 83 58 51 60
57 86 62 56 84 89 79 97 57 88 84 61 62 92 62 70 92 58 63 57 77 51 51 72 93 85 56 85 97 79 90 77 61 52 82 60 80 98 66 96 97 64 56 89 98 87 50 76 63 94 75 77 56 85 57 98 65 68 60 74 90 94 99 62 55 79 60 88 99 52 51 73 59 64 85 62 86 81 80 74 52 51 50 76 78 62 97 83 94 56 61 52 59 52 62 69 70 50 84 72
82 99 70 63 88 87 70 79 62 81 99 58 54 83 80 67 65 92 58 52 70 96 90 84 90 99 64 68 61 73 65 50 85 59 87 88 79 80 55 59 63 67 94 84 81 69 57 76 71 68 75 79 79 62 53 92 85 91 65 64 59 68 55 93 85 71 57 99 88 62 82 68 69 54 55 75 96 94 54 89 64 93 76 81 58 84 52 93 61 90 62 85 71 90 78 62 69 69 82 57
54 87 70 61 56 98 89 86 86 99 73 90 53 51 62 75 50 56 83 90 82 62 76 71 65 91 73 54 62 69 98 99 88 68 77 55 93 83 77 91 57 97 56 89 62 55 67 84 56 73 78 79 85 79 81 90 85 98 94 55 65 94 67 87 83 80 59 84 89 74 64 88 84 94 89 77 64 71 72 70 65 95 80 89 86 78 72 88 90 62 98 81 71 58 64 75 88 54 97 76
60 79 95 76 95 54 90 79 55 57 98 75 84 97 55 81 98 55 89 92 81 50 70 94 68 60 88 65 52 56 98 63 98 72 88 78 98 99 95 51 74 77 83 63 89 82 88 52 56 91 63 50 60 83 63 75 63 58 94 60 59 69 77 88 51 75 68 94 93 84 86 91 97 62 83 84 57 61 59 90 87 92 50 89 90 58 81 82 50 74 54 98 74 81 97 70 85 75 52 76